  0.000000000000000
  3.403319830809137
  6.806639661618961
  10.209959492428066
  13.613279323238109
  17.016599154047075
  20.419918984856981
  23.823238815666429
  27.226558646475866
  30.629878477285267
  34.033198308095216
  37.436518138904361
  40.839837969714246
  44.243157800523420
  47.646477631333383
  51.049797462142344
  54.453117292952186
  57.856437123761324
  61.259756954571223
  64.663076785380397
  68.066396616190389
  71.469716446999314
  74.873036277809092
  78.276356108618245
  81.679675939428293
  85.082995770237574
  88.486315601047309
  91.889635431856050
  95.292955262666297
  98.696275093475364
  102.099594924285185
  105.502914755094523
  108.906234585904329
  112.309554416713581
  115.712874247523644
  119.116194078332214
  122.519513909142532
  125.922833739951500
  129.326153570761363
  132.729473401570800
  136.132793232380322
  139.536113063189390
  142.939432893999452
  146.342752724808605
  149.746072555618241
  153.149392386427593
  156.552712217237371
  159.956032048046609
  163.359351878856700
  166.762671709665540
  170.165991540475346
  173.569311371284442
  176.972631202094504
  180.375951032903856
  183.779270863713322
  187.182590694522474
  190.585910525332196
  193.989230356141491
  197.392550186951439
  200.795870017760478
  204.199189848570711
  207.602509679380034
  211.005829510189528
  214.409149340998795
  217.812469171808345
  221.215789002617811
  224.619108833427703
  228.022428664236685
  231.425748495046662
  234.829068325855303
  238.232388156665706
  241.635707987474888
  245.039027818285007
  248.442347649093904
  251.845667479903625
  255.248987310712778
  258.652307141522499
  262.055626972332163
  265.458946803141941
  268.862266633950696
  272.265586464760759
  275.668906295569627
  279.072226126379803
  282.475545957188729
  285.878865787998677
  289.282185618807716
  292.685505449617608
  296.088825280426988
  299.492145111236937
  302.895464942045692
  306.298784772855981
  309.702104603664736
  313.105424434474799
  316.508744265283667
  319.912064096093673
  323.315383926903110
  326.718703757712888
  330.122023588522097
  333.525343419331818
  336.928663250141199
  340.331983080950920
  343.735302911759732
  347.138622742569680
  350.541942573379060
  353.945262404188838
  357.348582234998162
  360.751902065808054
  364.155221896617093
  367.558541727426814
  370.961861558236023
  374.365181389046086
  377.768501219854897
  381.171821050664903
  384.575140881474169
  387.978460712284004
  391.381780543093157
  394.785100373902935
  398.188420204712088
  401.591740035521752
  404.995059866331474
  408.398379697140967
  411.801699527950348
  415.205019358759387
  418.608339189568881
  422.011659020379000
  425.414978851187868
  428.818298681997533
  432.221618512807311
  435.624938343617146
  439.028258174426526
  442.431578005235338
  445.834897836045343
  449.238217666855576
  452.641537497664501
  456.044857328473597
  459.448177159283318
  462.851496990093210
  466.254816820902306
  469.658136651711516
  473.061456482521692
  476.464776313330958
  479.868096144140509
  483.271415974949321
  486.674735805759440
  490.078055636569161
  493.481375467378427
  496.884695298187467
  500.288015128996904
  503.691334959806625
  507.094654790616346
  510.497974621425499
  513.901294452235334
  517.304614283044430
  520.707934113854549
  524.111253944663531
  527.514573775473423
  530.917893606282519
  534.321213437092638
  537.724533267901393
  541.127853098711626
  544.531172929520494
  547.934492760330386
  551.337812591139823
  554.741132421949260
  558.144452252758470
  561.547772083568134
  564.951091914377571
  568.354411745187576
  571.757731575996786
  575.161051406806223
  578.564371237615774
  581.967691068425893
  585.371010899234534
  588.774330730044653
  592.177650560853522
  595.580970391663755
  598.984290222472964
  602.387610053282742
  605.790929884091838
  609.194249714901389
  612.597569545710712
  616.000889376520490
  619.404209207329814
  622.807529038139933
  626.210848868948688
  629.614168699758579
  633.017488530568016
  636.420808361377681
  639.824128192187004
  643.227448022996782
  646.630767853805878
  650.034087684615656
  653.437407515425093
  656.840727346234985
  660.244047177043853
  663.647367007853745
  667.050686838663069
  670.454006669472960
  673.857326500281829
  677.260646331091721
