0.000000000000000
0.001000000000000
0.002000000000000
0.003000000000000
0.004000000000000
0.005000000000000
0.006000000000000
0.007000000000000
0.008000000000000
0.009000000000000
0.010000000000000
0.011000000000000
0.012000000000000
0.013000000000000
0.014000000000000
0.015000000000000
0.016000000000000
0.017000000000000
0.018000000000000
0.019000000000000
0.020000000000000
0.021000000000000
0.022000000000000
0.023000000000000
0.024000000000000
0.025000000000000
0.026000000000000
0.027000000000000
0.028000000000000
0.029000000000000
0.030000000000000
0.031000000000000
0.032000000000000
0.033000000000000
0.034000000000000
0.035000000000000
0.036000000000000
0.037000000000000
0.038000000000000
0.039000000000000
0.040000000000000
0.041000000000000
0.042000000000000
0.043000000000000
0.044000000000000
0.045000000000000
0.046000000000000
0.047000000000000
0.048000000000000
0.049000000000000
0.050000000000000
0.051000000000000
0.052000000000000
0.053000000000000
0.054000000000000
0.055000000000000
0.056000000000000
0.057000000000000
0.058000000000000
0.059000000000000
0.060000000000000
0.061000000000000
0.062000000000000
0.063000000000000
0.064000000000000
0.065000000000000
0.066000000000000
0.067000000000000
0.068000000000000
0.069000000000000
0.070000000000000
0.071000000000000
0.072000000000000
0.073000000000000
0.074000000000000
0.075000000000000
0.076000000000000
0.077000000000000
0.078000000000000
0.079000000000000
0.080000000000000
0.081000000000000
0.082000000000000
0.083000000000000
0.084000000000000
0.085000000000000
0.086000000000000
0.087000000000000
0.088000000000000
0.089000000000000
0.090000000000000
0.091000000000000
0.092000000000000
0.093000000000000
0.094000000000000
0.095000000000000
0.096000000000000
0.097000000000000
0.098000000000000
0.099000000000000
0.100000000000000
0.101000000000000
0.102000000000000
0.103000000000000
0.104000000000000
0.105000000000000
0.106000000000000
0.107000000000000
0.108000000000000
0.109000000000000
0.110000000000000
0.111000000000000
0.112000000000000
0.113000000000000
0.114000000000000
0.115000000000000
0.116000000000000
0.117000000000000
0.118000000000000
0.119000000000000
0.120000000000000
0.121000000000000
0.122000000000000
0.123000000000000
0.124000000000000
0.125000000000000
0.126000000000000
0.127000000000000
0.128000000000000
0.129000000000000
0.130000000000000
0.131000000000000
0.132000000000000
0.133000000000000
0.134000000000000
0.135000000000000
0.136000000000000
0.137000000000000
0.138000000000000
0.139000000000000
0.140000000000000
0.141000000000000
0.142000000000000
0.143000000000000
0.144000000000000
0.145000000000000
0.146000000000000
0.147000000000000
0.148000000000000
0.149000000000000
0.150000000000000
0.151000000000000
0.152000000000000
0.153000000000000
0.154000000000000
0.155000000000000
0.156000000000000
0.157000000000000
0.158000000000000
0.159000000000000
0.160000000000000
0.161000000000000
0.162000000000000
0.163000000000000
0.164000000000000
0.165000000000000
0.166000000000000
0.167000000000000
0.168000000000000
0.169000000000000
0.170000000000000
0.171000000000000
0.172000000000000
0.173000000000000
0.174000000000000
0.175000000000000
0.176000000000000
0.177000000000000
0.178000000000000
0.179000000000000
0.180000000000000
0.181000000000000
0.182000000000000
0.183000000000000
0.184000000000000
0.185000000000000
0.186000000000000
0.187000000000000
0.188000000000000
0.189000000000000
0.190000000000000
0.191000000000000
0.192000000000000
0.193000000000000
0.194000000000000
0.195000000000000
0.196000000000000
0.197000000000000
0.198000000000000
0.199000000000000
